# frontend menus walk: Main > Solo > Stadium > Multi-Man > Cruel, then B x3
# frames buttons_hex stickX stickY   (A 0100, B 0200, dpad down 0004, up 0008)
300 0000 0 0
6 0100 0 0
150 0000 0 0
6 0004 0 0
14 0000 0 0
6 0004 0 0
14 0000 0 0
6 0100 0 0
150 0000 0 0
6 0004 0 0
14 0000 0 0
6 0004 0 0
14 0000 0 0
6 0100 0 0
150 0000 0 0
6 0004 0 0
10 0000 0 0
6 0004 0 0
10 0000 0 0
6 0004 0 0
10 0000 0 0
6 0004 0 0
10 0000 0 0
6 0004 0 0
100 0000 0 0
6 0200 0 0
60 0000 0 0
6 0200 0 0
60 0000 0 0
6 0200 0 0
200 0000 0 0
