# jump + double jump, repeated - see docs: a pad script starts consuming frames at the
# first PADRead (during boot), so a single burst never survives to the match.
# frames buttons_hex stickX stickY   (X = 0x400 = jump)
40 0000 0 0
6 0400 0 0
14 0000 0 0
6 0400 0 0
60 0000 0 0
40 0000 0 0
6 0400 0 0
14 0000 0 0
6 0400 0 0
60 0000 0 0
40 0000 0 0
6 0400 0 0
14 0000 0 0
6 0400 0 0
60 0000 0 0
40 0000 0 0
6 0400 0 0
14 0000 0 0
6 0400 0 0
60 0000 0 0
40 0000 0 0
6 0400 0 0
14 0000 0 0
6 0400 0 0
60 0000 0 0
40 0000 0 0
6 0400 0 0
14 0000 0 0
6 0400 0 0
60 0000 0 0
40 0000 0 0
6 0400 0 0
14 0000 0 0
6 0400 0 0
60 0000 0 0
40 0000 0 0
6 0400 0 0
14 0000 0 0
6 0400 0 0
60 0000 0 0
40 0000 0 0
6 0400 0 0
14 0000 0 0
6 0400 0 0
60 0000 0 0
40 0000 0 0
6 0400 0 0
14 0000 0 0
6 0400 0 0
60 0000 0 0
40 0000 0 0
6 0400 0 0
14 0000 0 0
6 0400 0 0
60 0000 0 0
40 0000 0 0
6 0400 0 0
14 0000 0 0
6 0400 0 0
60 0000 0 0
40 0000 0 0
6 0400 0 0
14 0000 0 0
6 0400 0 0
60 0000 0 0
40 0000 0 0
6 0400 0 0
14 0000 0 0
6 0400 0 0
60 0000 0 0
40 0000 0 0
6 0400 0 0
14 0000 0 0
6 0400 0 0
60 0000 0 0
40 0000 0 0
6 0400 0 0
14 0000 0 0
6 0400 0 0
60 0000 0 0
40 0000 0 0
6 0400 0 0
14 0000 0 0
6 0400 0 0
60 0000 0 0
40 0000 0 0
6 0400 0 0
14 0000 0 0
6 0400 0 0
60 0000 0 0
40 0000 0 0
6 0400 0 0
14 0000 0 0
6 0400 0 0
60 0000 0 0
40 0000 0 0
6 0400 0 0
14 0000 0 0
6 0400 0 0
60 0000 0 0
40 0000 0 0
6 0400 0 0
14 0000 0 0
6 0400 0 0
60 0000 0 0
40 0000 0 0
6 0400 0 0
14 0000 0 0
6 0400 0 0
60 0000 0 0
40 0000 0 0
6 0400 0 0
14 0000 0 0
6 0400 0 0
60 0000 0 0
40 0000 0 0
6 0400 0 0
14 0000 0 0
6 0400 0 0
60 0000 0 0
40 0000 0 0
6 0400 0 0
14 0000 0 0
6 0400 0 0
60 0000 0 0
40 0000 0 0
6 0400 0 0
14 0000 0 0
6 0400 0 0
60 0000 0 0
40 0000 0 0
6 0400 0 0
14 0000 0 0
6 0400 0 0
60 0000 0 0
40 0000 0 0
6 0400 0 0
14 0000 0 0
6 0400 0 0
60 0000 0 0
40 0000 0 0
6 0400 0 0
14 0000 0 0
6 0400 0 0
60 0000 0 0
40 0000 0 0
6 0400 0 0
14 0000 0 0
6 0400 0 0
60 0000 0 0
40 0000 0 0
6 0400 0 0
14 0000 0 0
6 0400 0 0
60 0000 0 0
40 0000 0 0
6 0400 0 0
14 0000 0 0
6 0400 0 0
60 0000 0 0
40 0000 0 0
6 0400 0 0
14 0000 0 0
6 0400 0 0
60 0000 0 0
40 0000 0 0
6 0400 0 0
14 0000 0 0
6 0400 0 0
60 0000 0 0
40 0000 0 0
6 0400 0 0
14 0000 0 0
6 0400 0 0
60 0000 0 0
40 0000 0 0
6 0400 0 0
14 0000 0 0
6 0400 0 0
60 0000 0 0
40 0000 0 0
6 0400 0 0
14 0000 0 0
6 0400 0 0
60 0000 0 0
40 0000 0 0
6 0400 0 0
14 0000 0 0
6 0400 0 0
60 0000 0 0
40 0000 0 0
6 0400 0 0
14 0000 0 0
6 0400 0 0
60 0000 0 0
40 0000 0 0
6 0400 0 0
14 0000 0 0
6 0400 0 0
60 0000 0 0
40 0000 0 0
6 0400 0 0
14 0000 0 0
6 0400 0 0
60 0000 0 0
40 0000 0 0
6 0400 0 0
14 0000 0 0
6 0400 0 0
60 0000 0 0
40 0000 0 0
6 0400 0 0
14 0000 0 0
6 0400 0 0
60 0000 0 0
40 0000 0 0
6 0400 0 0
14 0000 0 0
6 0400 0 0
60 0000 0 0
40 0000 0 0
6 0400 0 0
14 0000 0 0
6 0400 0 0
60 0000 0 0
40 0000 0 0
6 0400 0 0
14 0000 0 0
6 0400 0 0
60 0000 0 0
40 0000 0 0
6 0400 0 0
14 0000 0 0
6 0400 0 0
60 0000 0 0
40 0000 0 0
6 0400 0 0
14 0000 0 0
6 0400 0 0
60 0000 0 0
40 0000 0 0
6 0400 0 0
14 0000 0 0
6 0400 0 0
60 0000 0 0
40 0000 0 0
6 0400 0 0
14 0000 0 0
6 0400 0 0
60 0000 0 0
40 0000 0 0
6 0400 0 0
14 0000 0 0
6 0400 0 0
60 0000 0 0
40 0000 0 0
6 0400 0 0
14 0000 0 0
6 0400 0 0
60 0000 0 0
40 0000 0 0
6 0400 0 0
14 0000 0 0
6 0400 0 0
60 0000 0 0
40 0000 0 0
6 0400 0 0
14 0000 0 0
6 0400 0 0
60 0000 0 0
40 0000 0 0
6 0400 0 0
14 0000 0 0
6 0400 0 0
60 0000 0 0
40 0000 0 0
6 0400 0 0
14 0000 0 0
6 0400 0 0
60 0000 0 0
40 0000 0 0
6 0400 0 0
14 0000 0 0
6 0400 0 0
60 0000 0 0
40 0000 0 0
6 0400 0 0
14 0000 0 0
6 0400 0 0
60 0000 0 0
40 0000 0 0
6 0400 0 0
14 0000 0 0
6 0400 0 0
60 0000 0 0
40 0000 0 0
6 0400 0 0
14 0000 0 0
6 0400 0 0
60 0000 0 0
600 0000 0 0
