# movement: dash / jump+drift / fall / land, repeated. stick x,y in -127..127
6 0100 0 0
10 0000 0 0
6 0100 0 0
10 0000 0 0
6 0100 0 0
10 0000 0 0
6 0100 0 0
10 0000 0 0
6 0100 0 0
10 0000 0 0
6 0100 0 0
10 0000 0 0
6 0100 0 0
10 0000 0 0
6 0100 0 0
10 0000 0 0
6 0100 0 0
10 0000 0 0
6 0100 0 0
10 0000 0 0
6 0100 0 0
10 0000 0 0
6 0100 0 0
10 0000 0 0
6 0100 0 0
10 0000 0 0
6 0100 0 0
10 0000 0 0
6 0100 0 0
10 0000 0 0
6 0100 0 0
10 0000 0 0
6 0100 0 0
10 0000 0 0
6 0100 0 0
10 0000 0 0
6 0100 0 0
10 0000 0 0
6 0100 0 0
10 0000 0 0
6 0100 0 0
10 0000 0 0
6 0100 0 0
10 0000 0 0
6 0100 0 0
10 0000 0 0
6 0100 0 0
10 0000 0 0
6 0100 0 0
10 0000 0 0
6 0100 0 0
10 0000 0 0
6 0100 0 0
10 0000 0 0
6 0100 0 0
10 0000 0 0
6 0100 0 0
10 0000 0 0
6 0100 0 0
10 0000 0 0
6 0100 0 0
10 0000 0 0
6 0100 0 0
10 0000 0 0
6 0100 0 0
10 0000 0 0
6 0100 0 0
10 0000 0 0
6 0100 0 0
10 0000 0 0
6 0100 0 0
10 0000 0 0
6 0100 0 0
10 0000 0 0
6 0100 0 0
10 0000 0 0
6 0100 0 0
10 0000 0 0
6 0100 0 0
10 0000 0 0
40 0000 127 0
20 0000 0 0
40 0000 -127 0
20 0000 0 0
6 0400 0 0
30 0000 127 0
25 0000 -127 0
8 0000 0 -127
45 0000 0 0
40 0000 127 0
20 0000 0 0
40 0000 -127 0
20 0000 0 0
6 0400 0 0
30 0000 127 0
25 0000 -127 0
8 0000 0 -127
45 0000 0 0
40 0000 127 0
20 0000 0 0
40 0000 -127 0
20 0000 0 0
6 0400 0 0
30 0000 127 0
25 0000 -127 0
8 0000 0 -127
45 0000 0 0
40 0000 127 0
20 0000 0 0
40 0000 -127 0
20 0000 0 0
6 0400 0 0
30 0000 127 0
25 0000 -127 0
8 0000 0 -127
45 0000 0 0
40 0000 127 0
20 0000 0 0
40 0000 -127 0
20 0000 0 0
6 0400 0 0
30 0000 127 0
25 0000 -127 0
8 0000 0 -127
45 0000 0 0
40 0000 127 0
20 0000 0 0
40 0000 -127 0
20 0000 0 0
6 0400 0 0
30 0000 127 0
25 0000 -127 0
8 0000 0 -127
45 0000 0 0
40 0000 127 0
20 0000 0 0
40 0000 -127 0
20 0000 0 0
6 0400 0 0
30 0000 127 0
25 0000 -127 0
8 0000 0 -127
45 0000 0 0
40 0000 127 0
20 0000 0 0
40 0000 -127 0
20 0000 0 0
6 0400 0 0
30 0000 127 0
25 0000 -127 0
8 0000 0 -127
45 0000 0 0
40 0000 127 0
20 0000 0 0
40 0000 -127 0
20 0000 0 0
6 0400 0 0
30 0000 127 0
25 0000 -127 0
8 0000 0 -127
45 0000 0 0
40 0000 127 0
20 0000 0 0
40 0000 -127 0
20 0000 0 0
6 0400 0 0
30 0000 127 0
25 0000 -127 0
8 0000 0 -127
45 0000 0 0
40 0000 127 0
20 0000 0 0
40 0000 -127 0
20 0000 0 0
6 0400 0 0
30 0000 127 0
25 0000 -127 0
8 0000 0 -127
45 0000 0 0
40 0000 127 0
20 0000 0 0
40 0000 -127 0
20 0000 0 0
6 0400 0 0
30 0000 127 0
25 0000 -127 0
8 0000 0 -127
45 0000 0 0
40 0000 127 0
20 0000 0 0
40 0000 -127 0
20 0000 0 0
6 0400 0 0
30 0000 127 0
25 0000 -127 0
8 0000 0 -127
45 0000 0 0
40 0000 127 0
20 0000 0 0
40 0000 -127 0
20 0000 0 0
6 0400 0 0
30 0000 127 0
25 0000 -127 0
8 0000 0 -127
45 0000 0 0
40 0000 127 0
20 0000 0 0
40 0000 -127 0
20 0000 0 0
6 0400 0 0
30 0000 127 0
25 0000 -127 0
8 0000 0 -127
45 0000 0 0
40 0000 127 0
20 0000 0 0
40 0000 -127 0
20 0000 0 0
6 0400 0 0
30 0000 127 0
25 0000 -127 0
8 0000 0 -127
45 0000 0 0
40 0000 127 0
20 0000 0 0
40 0000 -127 0
20 0000 0 0
6 0400 0 0
30 0000 127 0
25 0000 -127 0
8 0000 0 -127
45 0000 0 0
40 0000 127 0
20 0000 0 0
40 0000 -127 0
20 0000 0 0
6 0400 0 0
30 0000 127 0
25 0000 -127 0
8 0000 0 -127
45 0000 0 0
40 0000 127 0
20 0000 0 0
40 0000 -127 0
20 0000 0 0
6 0400 0 0
30 0000 127 0
25 0000 -127 0
8 0000 0 -127
45 0000 0 0
40 0000 127 0
20 0000 0 0
40 0000 -127 0
20 0000 0 0
6 0400 0 0
30 0000 127 0
25 0000 -127 0
8 0000 0 -127
45 0000 0 0
40 0000 127 0
20 0000 0 0
40 0000 -127 0
20 0000 0 0
6 0400 0 0
30 0000 127 0
25 0000 -127 0
8 0000 0 -127
45 0000 0 0
40 0000 127 0
20 0000 0 0
40 0000 -127 0
20 0000 0 0
6 0400 0 0
30 0000 127 0
25 0000 -127 0
8 0000 0 -127
45 0000 0 0
40 0000 127 0
20 0000 0 0
40 0000 -127 0
20 0000 0 0
6 0400 0 0
30 0000 127 0
25 0000 -127 0
8 0000 0 -127
45 0000 0 0
40 0000 127 0
20 0000 0 0
40 0000 -127 0
20 0000 0 0
6 0400 0 0
30 0000 127 0
25 0000 -127 0
8 0000 0 -127
45 0000 0 0
40 0000 127 0
20 0000 0 0
40 0000 -127 0
20 0000 0 0
6 0400 0 0
30 0000 127 0
25 0000 -127 0
8 0000 0 -127
45 0000 0 0
40 0000 127 0
20 0000 0 0
40 0000 -127 0
20 0000 0 0
6 0400 0 0
30 0000 127 0
25 0000 -127 0
8 0000 0 -127
45 0000 0 0
40 0000 127 0
20 0000 0 0
40 0000 -127 0
20 0000 0 0
6 0400 0 0
30 0000 127 0
25 0000 -127 0
8 0000 0 -127
45 0000 0 0
40 0000 127 0
20 0000 0 0
40 0000 -127 0
20 0000 0 0
6 0400 0 0
30 0000 127 0
25 0000 -127 0
8 0000 0 -127
45 0000 0 0
40 0000 127 0
20 0000 0 0
40 0000 -127 0
20 0000 0 0
6 0400 0 0
30 0000 127 0
25 0000 -127 0
8 0000 0 -127
45 0000 0 0
40 0000 127 0
20 0000 0 0
40 0000 -127 0
20 0000 0 0
6 0400 0 0
30 0000 127 0
25 0000 -127 0
8 0000 0 -127
45 0000 0 0
40 0000 127 0
20 0000 0 0
40 0000 -127 0
20 0000 0 0
6 0400 0 0
30 0000 127 0
25 0000 -127 0
8 0000 0 -127
45 0000 0 0
40 0000 127 0
20 0000 0 0
40 0000 -127 0
20 0000 0 0
6 0400 0 0
30 0000 127 0
25 0000 -127 0
8 0000 0 -127
45 0000 0 0
40 0000 127 0
20 0000 0 0
40 0000 -127 0
20 0000 0 0
6 0400 0 0
30 0000 127 0
25 0000 -127 0
8 0000 0 -127
45 0000 0 0
40 0000 127 0
20 0000 0 0
40 0000 -127 0
20 0000 0 0
6 0400 0 0
30 0000 127 0
25 0000 -127 0
8 0000 0 -127
45 0000 0 0
40 0000 127 0
20 0000 0 0
40 0000 -127 0
20 0000 0 0
6 0400 0 0
30 0000 127 0
25 0000 -127 0
8 0000 0 -127
45 0000 0 0
40 0000 127 0
20 0000 0 0
40 0000 -127 0
20 0000 0 0
6 0400 0 0
30 0000 127 0
25 0000 -127 0
8 0000 0 -127
45 0000 0 0
40 0000 127 0
20 0000 0 0
40 0000 -127 0
20 0000 0 0
6 0400 0 0
30 0000 127 0
25 0000 -127 0
8 0000 0 -127
45 0000 0 0
40 0000 127 0
20 0000 0 0
40 0000 -127 0
20 0000 0 0
6 0400 0 0
30 0000 127 0
25 0000 -127 0
8 0000 0 -127
45 0000 0 0
40 0000 127 0
20 0000 0 0
40 0000 -127 0
20 0000 0 0
6 0400 0 0
30 0000 127 0
25 0000 -127 0
8 0000 0 -127
45 0000 0 0
40 0000 127 0
20 0000 0 0
40 0000 -127 0
20 0000 0 0
6 0400 0 0
30 0000 127 0
25 0000 -127 0
8 0000 0 -127
45 0000 0 0
900 0000 0 0
