# up-B (spring) repeatedly while standing still - lands back on stage. B=0x200, stick up=+127
6 0100 0 0
10 0000 0 0
6 0100 0 0
10 0000 0 0
6 0100 0 0
10 0000 0 0
6 0100 0 0
10 0000 0 0
6 0100 0 0
10 0000 0 0
6 0100 0 0
10 0000 0 0
6 0100 0 0
10 0000 0 0
6 0100 0 0
10 0000 0 0
6 0100 0 0
10 0000 0 0
6 0100 0 0
10 0000 0 0
6 0100 0 0
10 0000 0 0
6 0100 0 0
10 0000 0 0
6 0100 0 0
10 0000 0 0
6 0100 0 0
10 0000 0 0
6 0100 0 0
10 0000 0 0
6 0100 0 0
10 0000 0 0
6 0100 0 0
10 0000 0 0
6 0100 0 0
10 0000 0 0
6 0100 0 0
10 0000 0 0
6 0100 0 0
10 0000 0 0
6 0100 0 0
10 0000 0 0
6 0100 0 0
10 0000 0 0
6 0100 0 0
10 0000 0 0
6 0100 0 0
10 0000 0 0
6 0100 0 0
10 0000 0 0
6 0100 0 0
10 0000 0 0
6 0100 0 0
10 0000 0 0
6 0100 0 0
10 0000 0 0
6 0100 0 0
10 0000 0 0
6 0100 0 0
10 0000 0 0
6 0100 0 0
10 0000 0 0
6 0100 0 0
10 0000 0 0
6 0100 0 0
10 0000 0 0
6 0100 0 0
10 0000 0 0
6 0100 0 0
10 0000 0 0
6 0100 0 0
10 0000 0 0
6 0100 0 0
10 0000 0 0
6 0100 0 0
10 0000 0 0
6 0100 0 0
10 0000 0 0
6 0100 0 0
10 0000 0 0
60 0000 0 0
8 0200 0 127
110 0000 0 0
60 0000 0 0
8 0200 0 127
110 0000 0 0
60 0000 0 0
8 0200 0 127
110 0000 0 0
60 0000 0 0
8 0200 0 127
110 0000 0 0
60 0000 0 0
8 0200 0 127
110 0000 0 0
60 0000 0 0
8 0200 0 127
110 0000 0 0
60 0000 0 0
8 0200 0 127
110 0000 0 0
60 0000 0 0
8 0200 0 127
110 0000 0 0
60 0000 0 0
8 0200 0 127
110 0000 0 0
60 0000 0 0
8 0200 0 127
110 0000 0 0
60 0000 0 0
8 0200 0 127
110 0000 0 0
60 0000 0 0
8 0200 0 127
110 0000 0 0
60 0000 0 0
8 0200 0 127
110 0000 0 0
60 0000 0 0
8 0200 0 127
110 0000 0 0
60 0000 0 0
8 0200 0 127
110 0000 0 0
60 0000 0 0
8 0200 0 127
110 0000 0 0
60 0000 0 0
8 0200 0 127
110 0000 0 0
60 0000 0 0
8 0200 0 127
110 0000 0 0
60 0000 0 0
8 0200 0 127
110 0000 0 0
60 0000 0 0
8 0200 0 127
110 0000 0 0
60 0000 0 0
8 0200 0 127
110 0000 0 0
60 0000 0 0
8 0200 0 127
110 0000 0 0
60 0000 0 0
8 0200 0 127
110 0000 0 0
60 0000 0 0
8 0200 0 127
110 0000 0 0
60 0000 0 0
8 0200 0 127
110 0000 0 0
60 0000 0 0
8 0200 0 127
110 0000 0 0
60 0000 0 0
8 0200 0 127
110 0000 0 0
60 0000 0 0
8 0200 0 127
110 0000 0 0
60 0000 0 0
8 0200 0 127
110 0000 0 0
60 0000 0 0
8 0200 0 127
110 0000 0 0
60 0000 0 0
8 0200 0 127
110 0000 0 0
60 0000 0 0
8 0200 0 127
110 0000 0 0
60 0000 0 0
8 0200 0 127
110 0000 0 0
60 0000 0 0
8 0200 0 127
110 0000 0 0
60 0000 0 0
8 0200 0 127
110 0000 0 0
60 0000 0 0
8 0200 0 127
110 0000 0 0
60 0000 0 0
8 0200 0 127
110 0000 0 0
60 0000 0 0
8 0200 0 127
110 0000 0 0
60 0000 0 0
8 0200 0 127
110 0000 0 0
60 0000 0 0
8 0200 0 127
110 0000 0 0
900 0000 0 0
