# idle / jab / turn - stays on stage. A=0x100; a light stick tap turns without dashing
6 0100 0 0
10 0000 0 0
6 0100 0 0
10 0000 0 0
6 0100 0 0
10 0000 0 0
6 0100 0 0
10 0000 0 0
6 0100 0 0
10 0000 0 0
6 0100 0 0
10 0000 0 0
6 0100 0 0
10 0000 0 0
6 0100 0 0
10 0000 0 0
6 0100 0 0
10 0000 0 0
6 0100 0 0
10 0000 0 0
6 0100 0 0
10 0000 0 0
6 0100 0 0
10 0000 0 0
6 0100 0 0
10 0000 0 0
6 0100 0 0
10 0000 0 0
6 0100 0 0
10 0000 0 0
6 0100 0 0
10 0000 0 0
6 0100 0 0
10 0000 0 0
6 0100 0 0
10 0000 0 0
6 0100 0 0
10 0000 0 0
6 0100 0 0
10 0000 0 0
6 0100 0 0
10 0000 0 0
6 0100 0 0
10 0000 0 0
6 0100 0 0
10 0000 0 0
6 0100 0 0
10 0000 0 0
6 0100 0 0
10 0000 0 0
6 0100 0 0
10 0000 0 0
6 0100 0 0
10 0000 0 0
6 0100 0 0
10 0000 0 0
6 0100 0 0
10 0000 0 0
6 0100 0 0
10 0000 0 0
6 0100 0 0
10 0000 0 0
6 0100 0 0
10 0000 0 0
6 0100 0 0
10 0000 0 0
6 0100 0 0
10 0000 0 0
6 0100 0 0
10 0000 0 0
6 0100 0 0
10 0000 0 0
6 0100 0 0
10 0000 0 0
6 0100 0 0
10 0000 0 0
6 0100 0 0
10 0000 0 0
6 0100 0 0
10 0000 0 0
90 0000 0 0
6 0100 0 0
50 0000 0 0
4 0000 -40 0
80 0000 0 0
6 0100 0 0
50 0000 0 0
4 0000 40 0
40 0000 0 0
90 0000 0 0
6 0100 0 0
50 0000 0 0
4 0000 -40 0
80 0000 0 0
6 0100 0 0
50 0000 0 0
4 0000 40 0
40 0000 0 0
90 0000 0 0
6 0100 0 0
50 0000 0 0
4 0000 -40 0
80 0000 0 0
6 0100 0 0
50 0000 0 0
4 0000 40 0
40 0000 0 0
90 0000 0 0
6 0100 0 0
50 0000 0 0
4 0000 -40 0
80 0000 0 0
6 0100 0 0
50 0000 0 0
4 0000 40 0
40 0000 0 0
90 0000 0 0
6 0100 0 0
50 0000 0 0
4 0000 -40 0
80 0000 0 0
6 0100 0 0
50 0000 0 0
4 0000 40 0
40 0000 0 0
90 0000 0 0
6 0100 0 0
50 0000 0 0
4 0000 -40 0
80 0000 0 0
6 0100 0 0
50 0000 0 0
4 0000 40 0
40 0000 0 0
90 0000 0 0
6 0100 0 0
50 0000 0 0
4 0000 -40 0
80 0000 0 0
6 0100 0 0
50 0000 0 0
4 0000 40 0
40 0000 0 0
90 0000 0 0
6 0100 0 0
50 0000 0 0
4 0000 -40 0
80 0000 0 0
6 0100 0 0
50 0000 0 0
4 0000 40 0
40 0000 0 0
90 0000 0 0
6 0100 0 0
50 0000 0 0
4 0000 -40 0
80 0000 0 0
6 0100 0 0
50 0000 0 0
4 0000 40 0
40 0000 0 0
90 0000 0 0
6 0100 0 0
50 0000 0 0
4 0000 -40 0
80 0000 0 0
6 0100 0 0
50 0000 0 0
4 0000 40 0
40 0000 0 0
90 0000 0 0
6 0100 0 0
50 0000 0 0
4 0000 -40 0
80 0000 0 0
6 0100 0 0
50 0000 0 0
4 0000 40 0
40 0000 0 0
90 0000 0 0
6 0100 0 0
50 0000 0 0
4 0000 -40 0
80 0000 0 0
6 0100 0 0
50 0000 0 0
4 0000 40 0
40 0000 0 0
900 0000 0 0
